Days,No_of_Cases,Total_No_of_Cases
1,1,1
2,0,1
3,0,1
4,0,1
5,0,1
6,0,1
7,0,1
8,0,1
9,0,1
10,0,1
11,0,1
12,1,2
13,0,2
14,0,2
15,0,2
16,0,2
17,0,2
18,0,2
19,0,2
20,1,3
21,5,8
22,4,12
23,0,12
24,10,22
25,8,30
26,10,40
27,4,44
28,7,51
29,14,65
30,16,81
31,16,97
32,14,111
33,20,131
34,8,139
35,35,174
36,10,184
37,26,210
38,4,214
39,18,232
